states: 12
final: 11
rules:
0->1 2 3 4 5 6 7 8 9 0
0->2 1 3 4 5 6 7 8 9 0
0->3 1 2 4 5 6 7 8 9 0
0->4 1 2 3 5 6 7 8 9 0
0->5 1 2 3 4 6 7 8 9 0
0->6 1 2 3 4 5 7 8 9 0
0->7 1 2 3 4 5 6 8 9 0
0->8 1 2 3 4 5 6 7 9 0
0->9 1 2 3 4 5 6 7 8 0
0->10 1 2 3 4 5 6 7 8 9
1->1 2 3 4 5 6 7 8 9 0
2->2 1 3 4 5 6 7 8 9 0
3->3 1 2 4 5 6 7 8 9 0
4->4 1 2 3 5 6 7 8 9 0
5->5 1 2 3 4 6 7 8 9 0
6->6 1 2 3 4 5 7 8 9 0
7->7 1 2 3 4 5 6 8 9 0
8->8 1 2 3 4 5 6 7 9 0
9->9 1 2 3 4 5 6 7 8 0
10->10 1 2 3 4 5 6 7 8 9
0->11 1 2 3 4 5 6 7 8 9 0
1->11 1
2->11 2
3->11 3
4->11 4
5->11 5
6->11 6
7->11 7
8->11 8
9->11 9
10->11 0
input: 4931706582